[22, 27, 16, 2, 18, 6] -> Insertion Sort
1-) 
    a. [22, 16, 27, 2, 18, 6]
    b. [16, 22, 27, 2, 18, 6]
    c. [16, 22, 2, 27, 18, 6]
    d. [16, 2, 22, 27, 18, 6]
    e. [2, 16, 22, 27, 18, 6]
    f. [2, 16, 22, 18, 27, 6]
    g. [2, 16, 18, 22, 27, 6]
    h. [2, 16, 18, 22, 6, 27]
    i. [2, 16, 18, 6, 22, 27]
    j. [2, 16, 6, 18, 22, 27]
    k. [2, 6, 16, 18, 22, 27]

2-) O(n^2)

3-) Average Case

4-) [7, 3, 5, 8, 2, 9, 4, 15, 6]
    a. [3, 7, 5, 8, 2, 9, 4, 15, 6]
    b. [3, 5, 7, 8, 2, 9, 4, 15, 6]
    c. [3, 5, 7, 2, 8, 9, 4, 15, 6]
    d. [3, 5, 2, 7, 8, 9, 4, 15, 6]